505 4
MCO 0.24466084 -1.0446645 -1.2685059 -0.5117455
MNST -0.7107895 0.9343236 -0.075971276 -1.1681975
SPGI 0.06380544 -0.7932712 -1.0630316 -0.63787526
JNPR -0.86876047 0.41975126 -1.1044416 0.1250444
AAL -3.1960244 1.8787022 -0.7563195 0.30756763
BBY -2.2541497 1.2964566 -0.8729533 0.23058036
INTU 0.64284384 -0.9211063 -1.044909 -0.77734065
SRCL 0.9209542 -0.0479625 -0.48199093 -1.1508887
SCHW -1.7367705 -0.63657904 -2.118761 1.046334
MCHP -0.7363328 0.04375771 -1.1320055 -0.04064878
FLR -0.50836176 0.24296287 -1.4433336 0.50898
CL 2.4040275 -1.0060344 -0.2658346 -2.172088
ILMN -2.5987577 1.541519 -0.36329252 -0.4651625
PVH -0.9852087 1.2243756 -0.66648924 -0.0913995
FB -1.7304662 0.73770124 -0.33366227 -0.8803191
M -1.0935253 1.5014588 -0.5623513 -0.15780003
IRM -0.27813515 0.9948271 0.1376285 -1.4958172
VAR 0.5463678 -0.79936236 -0.5746226 -1.4369284
DAL -2.894475 0.6518937 -0.79816705 -0.24402633
BA 0.38292646 -0.6801236 -0.98660505 -0.72678936
IT 0.45359352 -0.4821382 -0.91697097 -0.70606595
BAC -0.721561 -1.0798438 -2.484401 1.2953392
EXC 1.3117567 2.2006903 0.6530925 -1.6787671
ETR 2.7563233 2.2193117 0.6842369 -1.7916164
XRX -0.94212747 0.09620965 -1.26356 0.18018973
LEN -2.157052 0.89913654 -0.4631217 -0.5947345
LB -1.2600471 1.513083 -0.5681448 -0.11971299
KLAC -0.49363345 0.06290661 -0.5735654 -0.9117326
PWR -0.7668302 0.58322346 -1.3652669 0.59879845
RJF -0.50809216 -1.4095062 -2.2782722 0.78373694
HUM -0.8320404 0.51432663 -0.58403635 -0.64049244
C -0.12760104 -1.3925866 -2.2577496 0.756511
VFC 0.16038603 0.060710993 -0.80791646 -0.569153
EL 1.5245104 -0.55801374 -0.90082353 -0.8440573
GLW 0.12274857 -0.49089107 -1.2368735 -0.23323417
DHI -2.1753232 0.9647291 -0.473537 -0.5516436
NEM -2.0450244 2.8364296 -0.22103567 -0.043782465
AEE 2.7057827 1.921245 0.6741707 -2.0103867
RMD -0.23908451 0.3393383 -0.5453056 -0.7836489
PG 2.5111716 -0.9612534 -0.6194434 -1.5707067
RHT -1.0747173 -0.32456768 -0.79558074 -0.7841832
RHI -0.29650152 -0.1379859 -1.0258995 -0.3416245
MAS -0.788722 0.44515988 -0.59696317 -0.61802804
EFX 0.66781336 -0.8785744 -0.930941 -0.9459089
DPS 1.565028 -0.3853158 0.0047275466 -2.1545186
IVZ -0.6988638 -0.8687788 -1.8645684 0.55450946
KSU -0.63163286 0.39708173 -1.0199887 -0.01839518
AES 0.31070167 1.9213215 -0.2722133 -0.39914057
NFLX -2.3621733 1.666607 -0.7456146 0.19831279
AXP 0.82216287 -1.1199241 -1.4164449 -0.34078017
SIG -1.554007 1.3647645 -0.71955657 0.014286486
MU -3.7728693 2.2500162 -0.9290935 0.68318504
TDG -0.05743272 0.04101803 -0.65113986 -0.8099443
RF -1.5093652 -0.7999945 -2.5067966 1.5146979
HIG 0.78724045 -1.1867164 -1.4896107 -0.25876713
FDX 0.78682864 -0.44038692 -1.2032771 -0.2650664
VZ 1.426654 -0.3232327 -0.623415 -1.0852625
IDXX -0.35403 0.22987938 -0.18151017 -1.4057318
PNC 0.36531448 -1.7924113 -2.2117593 0.4729225
T 1.6668134 -0.32731968 -0.51095587 -1.3167703
LUK -0.45141354 -0.06722929 -1.646904 0.6582974
ABBV -0.93756527 0.52751625 -0.43186763 -0.863217
TRV 2.0673707 -0.9401523 -1.0854243 -0.81923187
DVA 0.51336765 -0.02050723 -0.4613197 -1.145188
KMI -0.07374422 1.9534322 -0.6180494 0.14843321
CTSH -0.4967681 -0.30194294 -0.93503934 -0.5441695
CRM -1.3311912 0.23179263 -0.75870395 -0.49770516
FCX -2.3091137 3.9650326 -0.9750003 1.4759303
ADM 0.29462564 0.31843516 -0.8282721 -0.38444304
PFE 0.68351513 -0.0838524 -0.5330946 -1.0562788
CTAS 1.0007725 -1.2844508 -1.0888168 -0.93671054
AMG -0.96006674 -0.13351464 -1.4934912 0.39774877
EQT -1.1020553 2.8195393 -0.7244584 0.7833417
CCL -0.2433666 -0.24976155 -0.90382785 -0.58522975
DGX 0.73469687 -0.15690978 -0.5790224 -1.0499257
AKAM -1.4478338 0.49083936 -0.86093897 -0.19704689
NEE 3.1712105 1.640591 0.6201341 -2.1327198
GT -1.551718 0.7300771 -0.93008447 0.018236488
PEP 2.6408737 -0.8857316 -0.3933983 -1.9165661
GPS -1.2455611 1.6087234 -0.783161 0.22334051
HCA -0.974499 0.81528455 -0.7044731 -0.29451838
KO 2.1741717 -0.40327397 -0.54594046 -1.3460495
NFX -2.1931562 4.066618 -0.96929795 1.5542331
COF -0.13459772 -1.0060354 -2.0008292 0.6474303
PDCO 0.11217142 -0.09883428 -0.67165655 -0.85207224
BF.B 1.1155447 -0.18879324 -0.33864844 -1.455961
LEG 0.6961426 -0.24868117 -0.6857199 -0.932617
MET -0.36367294 -1.2103857 -2.193389 0.78741115
SWK 1.0143764 -1.2745094 -1.4649702 -0.40089583
NLSN 0.03442693 -0.030063646 -0.82375777 -0.54879224
HRS 0.6510008 -0.47104484 -1.1770693 -0.3109531
MDLZ 0.9475837 0.27771062 -0.26789582 -1.2870299
ARE 0.7115525 0.52538407 0.60038656 -2.5163822
PEG 2.778133 2.2244787 0.35459012 -1.3264016
HP -1.3496889 3.7656372 -1.3391681 2.0701163
CMS 3.731702 2.5022361 0.84452695 -2.0382514
DRI -0.035492633 0.30547988 -0.5286853 -0.84762645
MYL -1.9850969 1.822245 -0.59761393 0.07214399
SO 3.5488837 1.2270759 0.50721157 -2.1859734
KMB 1.9170238 -0.40558487 -0.31237814 -1.6585275
AJG 1.5378294 -1.5155528 -1.1899884 -0.9708728
GRMN -0.59761494 0.5499435 -0.95857537 -0.013941501
DFS 0.053530607 -1.1274555 -1.6777269 0.066552974
BBT 0.6048088 -1.5842422 -2.0217035 0.27551425
CLX 2.323304 -0.27801988 -0.12413395 -1.9348949
PAYX 1.5161313 -0.7570175 -0.723543 -1.2293528
AFL 1.5028224 -1.3660481 -1.3422748 -0.6247813
ETN 0.3677476 -0.50871116 -1.4918296 0.12821251
MKC 2.1740477 -0.67333156 -0.5029716 -1.5650963
CSCO 0.7176478 -0.49792415 -1.1373048 -0.38543767
NRG -1.2423012 3.6788387 -0.20821904 0.32022423
ANSS 0.22250412 -0.48888484 -0.87789214 -0.7644573
UAA -2.285193 1.6878569 -0.83494747 0.39244288
NI 2.3010168 1.782916 0.44490966 -1.6657482
KORS -2.1691384 1.3219014 -0.61928993 -0.14963983
K 2.061256 0.06709979 0.044617105 -1.9707121
TIF -0.2661878 0.29140523 -1.1374983 0.07860938
UTX 1.4774966 -1.2165276 -1.232726 -0.72072786
BRK.B 1.8954859 -1.6513476 -1.2688408 -0.95584154
DLR 0.16386257 1.5958053 0.5696097 -1.8610791
F -0.3141836 -0.40161243 -1.4071326 0.09302794
GE 0.8328823 -0.8280998 -1.2961419 -0.3421189
NVDA -1.8133811 1.2337978 -0.6557702 -0.13838361
NWL 0.06319766 0.20952207 -1.0028154 -0.16530311
EMR 0.80200297 -0.2570475 -1.3561113 0.04827499
A -0.462303 -0.5440582 -0.97932696 -0.5940336
AIZ 0.92331254 -0.8535295 -1.2953674 -0.35468155
PPL 3.2369592 2.1989787 0.7577103 -2.0190485
NKE 0.09298174 -0.31712258 -0.7963345 -0.77654034
JEC -0.45706144 0.18665814 -1.4726357 0.5274515
AEP 3.5055275 1.9913176 0.71656114 -2.0947402
DTE 3.9820716 2.0144606 0.5823333 -1.9418151
SEE -0.16716225 0.39933488 -0.8788839 -0.21977988
ED 3.5575745 2.2951767 0.93772876 -2.3053615
ABT 0.41464856 -0.77986366 -0.76650155 -1.1181624
WY -0.034012258 0.6567346 -0.32324472 -0.9557537
HSIC 0.590713 -0.7309625 -0.6786489 -1.2202165
WU -0.24728903 -0.67964214 -1.1386769 -0.4636426
PCG 2.7711174 1.854733 0.61381733 -1.9302069
RTN 1.0532594 -0.8135448 -0.82148904 -1.0914363
QCOM 0.07929406 -0.4540295 -1.2528489 -0.19144145
AIG 0.5352935 -1.0609269 -1.4479423 -0.25267988
FFIV -1.0013766 0.41490483 -0.9987995 -0.025304817
COP 0.21497335 2.379752 -1.1884491 1.1990019
KSS -1.6336544 1.5723176 -0.57506436 -0.104790844
GM -0.63834304 0.094876125 -1.2377785 0.14683725
DISCK -1.498092 1.5892558 -0.9332583 0.4856618
AVGO -1.8975002 0.84764487 -0.7102584 -0.252443
NTRS 0.29645574 -1.5805303 -2.1695752 0.5187739
GD 1.2791731 -1.3822504 -1.3367805 -0.6346251
XOM 1.7537926 0.15806617 -1.2444787 0.09858821
HSY 1.598911 -0.14260106 -0.13962795 -1.7710006
ADS -1.008458 -0.22156684 -1.2861587 0.023403442
SJM 2.0880497 -0.26867872 -0.48874962 -1.3361268
MMC 2.2835982 -1.594008 -1.3787782 -0.74367565
OKE -0.8098906 3.0449436 -0.4817264 0.48767692
LLY 0.58498937 -0.14762057 -0.53888637 -1.1103003
PLD 0.5795261 0.5069256 0.47463337 -2.3111985
CMCSA 0.707128 -0.078833364 -0.6570995 -0.88876665
CVS 1.1235446 -0.07926551 -0.49004498 -1.1782285
MSI 0.44959044 -1.0675539 -1.0398053 -0.8638648
TSS 0.23011902 -0.9765129 -0.92315555 -0.98822415
DUK 3.4487514 2.2995207 0.8727944 -2.1544993
WEC 3.5323749 2.2204273 0.9555659 -2.3828819
ULTA -1.4831649 1.0688308 -0.3704358 -0.6239033
ETFC -2.4068267 -0.5210198 -2.1656787 1.1760734
FMC -0.40188193 0.43505594 -1.1123437 0.15333775
PCAR 0.058400914 -0.6470336 -1.5022303 0.09820806
MAC 0.5455868 1.2302433 0.70754355 -2.2801993
TMK 1.5735859 -1.9944031 -1.6573149 -0.54333943
BLL 1.3104167 0.05438421 -0.63383716 -0.8692871
GWW -0.22676402 -0.11524948 -1.2440526 0.01988954
ALL 1.7262564 -1.1980035 -0.9571791 -1.1442559
MO 2.0284135 -0.07065963 -0.118072756 -1.7849925
CBOE -0.37691867 -0.41020936 -0.8711051 -0.7142686
AAPL -0.17688668 0.20907617 -0.7209883 -0.5821696
EIX 2.869034 2.2631278 0.8725314 -2.1556067
AMZN -1.0865306 0.27523845 -0.4398883 -0.9617779
TSN 0.048096895 0.8019475 -0.316013 -0.88814104
LRCX -1.4722133 0.3388209 -1.0872526 0.050017327
STT -0.035449237 -1.7221686 -2.090825 0.33200014
LNT 3.3143425 2.297484 0.8379034 -2.1284792
SBAC -0.0271926 0.3962307 -0.4584052 -0.89430606
AGN -1.7906162 1.2161826 -0.41907078 -0.49391264
NSC 0.09783354 0.21726508 -1.160493 0.06516343
VIAB -1.5088114 0.98672134 -1.1477308 0.43255988
ARNC -2.1474824 2.1186428 -1.1016527 0.9495348
FE 1.5597875 2.426712 0.521191 -1.3494378
OXY 0.22957334 1.1931359 -1.0068357 0.36254922
EXPE -1.556471 1.1082538 -0.4092341 -0.5568718
NDAQ 0.15984404 -0.19470839 -0.6647739 -0.9114215
USB 1.121627 -1.7256918 -1.6677179 -0.342073
CINF 2.0998375 -1.0520877 -0.9010128 -1.1495204
IPG -0.035361487 -0.59898174 -1.1719911 -0.37230903
WM 2.0592477 -0.94422615 -0.71579385 -1.4043813
SWKS -2.592092 1.0007169 -0.8981003 0.10396218
V 0.61353123 -1.1620474 -0.92019093 -1.1286864
PHM -1.7281841 1.169114 -0.42152017 -0.5135998
ADSK -1.5635588 0.6538455 -0.89189345 -0.09122521
D 3.4447832 2.1470232 0.63882965 -1.8520595
SNPS 0.8675284 -1.1327916 -1.0087727 -0.9855937
TAP 0.80854964 0.2293492 -0.7027084 -0.65182894
BEN -0.6412632 -0.9105625 -1.5859511 0.06800401
L 1.2134254 -1.209145 -1.3234618 -0.5463206
MOS -1.2555872 2.1941466 -0.9903037 0.8068378
EBAY -1.0268493 0.30804113 -0.9530834 -0.17591207
SYY 1.9827067 -0.27243093 -0.33418366 -1.5857921
RE 0.9578993 -0.6954535 -0.9106391 -0.83654207
CNP 2.096508 1.207655 -0.069415174 -1.1504334
MRK 0.58381206 -0.44064245 -0.80058885 -0.85986406
XYL 0.14525522 -0.3979504 -1.1356453 -0.2973133
ROK 0.32196936 -0.6407401 -1.5113122 0.09570047
WHR -1.0058726 0.9738864 -0.52464384 -0.45197517
MMM 2.1724253 -1.5827483 -1.1415364 -1.1198996
PBCT 0.6633908 -0.96900785 -1.8604097 0.4406255
HOG -0.5492592 0.53313935 -0.9895504 -0.022872243
XEL 3.8661625 2.2398083 0.8498822 -2.2282147
DOV -0.093779914 0.006307058 -1.7391312 0.827743
MLM -1.1025659 1.167486 -1.0061786 0.3742772
BDX 0.9822888 -0.9291572 -0.65722466 -1.4074793
CF -1.7634032 2.8454287 -0.85040694 0.8919999
LUV -1.7005111 0.7921222 -0.8693765 -0.061562143
CHK -3.0012732 5.0088863 -0.95812535 1.7528415
MON 0.6973242 -0.079419136 -0.93991077 -0.43237862
EXPD 0.8555029 -0.3481166 -0.9593587 -0.58837533
VRTX -3.4821844 2.1548738 -0.6756929 0.28286403
CME 0.12020347 -0.42361706 -1.211211 -0.18699954
GIS 2.4016738 -0.07517881 -0.34965765 -1.4633844
ADP 1.3733608 -1.4769778 -0.98941207 -1.2563919
HCN 1.0970024 1.1968641 1.0404549 -2.8794875
HON 1.5824424 -1.747837 -1.3467959 -0.8722272
AVY 0.63945895 -0.65458506 -0.98657376 -0.6969216
BK -0.085431755 -1.5539894 -2.0878527 0.4433346
FITB -0.7266545 -1.1658223 -2.4431956 1.1833667
TROW 0.6567004 -1.3744155 -1.6599822 -0.1165229
CI -0.84904295 0.49367875 -0.63267386 -0.55020654
APC -0.66642827 3.4367898 -0.99653095 1.3909235
SHW 0.43747357 -0.20928945 -0.52784467 -1.1612171
AMD -3.724933 3.0118763 -0.6134889 0.5683214
WBA 0.089045696 0.062014215 -0.74463075 -0.6480844
CAG 1.3911552 -0.111675724 -0.37546006 -1.3796661
MAA 0.8110595 0.9358033 0.9092624 -2.769569
WMT 1.2632418 -0.25130275 -0.53821576 -1.1871121
TJX 0.24449672 -0.004510055 -0.574527 -0.941341
COST 1.4026273 -0.8394573 -0.47503746 -1.65333
LNC -0.72066104 -0.7272278 -2.242823 1.1717545
ACN 1.3926989 -1.2546829 -1.3518145 -0.56298614
JNJ 1.87155 -0.94175404 -0.5815803 -1.5827392
AMP -0.0020548794 -0.6798779 -1.9407876 0.7460665
SCG 2.794486 2.6470485 1.1084409 -2.3013363
TRIP -2.5837893 1.7136931 -0.78834754 0.32622597
SNI -0.15907015 0.400793 -1.038898 0.009465192
ROST 0.017868597 0.51805633 -0.8155149 -0.29208672
WMB -1.2716714 2.6422207 -0.781843 0.67984176
NTAP -0.8072312 0.34229282 -1.2513052 0.28484955
ANTM -0.51658404 0.12479534 -0.53879577 -0.91305566
LH 0.51769423 -0.89223486 -0.63944525 -1.3922259
VRSK 0.8805523 -0.8939129 -0.8335087 -1.1284571
ZION -1.2410207 -0.62753046 -2.5481815 1.6760236
FL -0.98134667 0.86826265 -0.4823506 -0.5998739
CTL 0.037332255 1.5368226 -0.21889329 -0.65600884
RL -0.4301451 1.0012195 -0.69075704 -0.19863376
FISV 1.3227109 -1.2343379 -0.91070676 -1.208639
INTC 0.22770241 -0.2884835 -0.94562614 -0.55039185
CHTR -0.776892 0.9857324 -0.39314625 -0.67772865
WYN -0.10706543 -0.24885535 -0.9430071 -0.5104696
AWK 3.0619423 1.5523118 0.5561065 -2.0078602
XRAY 0.39922804 -0.6219129 -0.76537406 -1.0288143
TPR -0.6499307 1.0481896 -0.6018055 -0.30690518
TGT -0.16251168 0.5753535 -0.39504895 -0.89508176
KR -0.31048056 0.69657576 -0.41498974 -0.7810495
GGP 0.5051131 1.4923517 0.79248697 -2.268754
GPC 0.88207114 -0.63953626 -1.0354275 -0.6236165
MCD 1.9497039 -0.8677602 -0.64218235 -1.4690826
CMA -1.0679355 -0.87049466 -2.4532316 1.3723648
DIS 0.7574125 -0.7449987 -1.1065607 -0.5890123
COL 1.1950327 -0.7788884 -0.9309869 -0.87607616
MTB 0.34283185 -1.2084599 -2.122424 0.67249036
PH 0.5925784 -0.6613254 -1.7693695 0.46692395
ESS 0.5792577 0.5808979 0.98610115 -3.1692748
BIIB -2.4119122 1.0865844 -0.52168685 -0.44737944
LLL 1.2038296 -0.6198237 -0.76327056 -1.0403483
GS -0.10288076 -1.1493798 -2.2068527 0.827677
IFF 1.1679102 -0.88633746 -0.7531719 -1.2470455
WFC 0.70807165 -1.8639917 -1.7935163 -0.2034923
EXR 0.40391144 0.92554283 0.8553 -2.6835382
UDR 0.9047823 0.64779896 0.842161 -2.8772807
MDT 0.79952425 -0.6791689 -0.7155472 -1.1473999
KMX -1.0833722 0.48946932 -1.3020631 0.44693848
HCP 0.2742564 1.4752386 0.93344665 -2.5087416
MCK -0.29879177 0.17526633 -0.5700676 -0.83391356
CA 0.29349348 -0.7949643 -1.0094062 -0.7522588
UNP 0.2757197 -0.23554029 -1.0455557 -0.34462813
AME 1.0494626 -1.4773273 -1.4713571 -0.4899028
BAX 0.8574667 -0.3036806 -0.52479964 -1.2399108
ROP 0.82059944 -0.8495082 -1.3836551 -0.2262533
ALXN -3.6342528 1.9237084 -0.37068832 -0.27071404
AOS -0.00208122 -0.7955456 -1.2916384 -0.3142435
CHRW 0.56606257 0.120025896 -0.6485782 -0.77400005
CVX 1.3128295 0.78531957 -1.2427838 0.4693011
APA -1.048701 3.6646035 -1.1542752 1.6702114
JPM 0.69362485 -1.7694952 -2.0548532 0.23240192
CAH -0.0027754821 -0.05823296 -0.56275535 -0.9867862
BLK 0.2281871 -1.1807802 -1.469055 -0.26178765
PPG 0.6527215 -0.7518282 -1.1986475 -0.45673653
PNW 3.7213583 2.3035374 0.7589555 -2.019568
LMT 1.2647214 -0.954684 -0.65500206 -1.4277337
VRSN -0.14655848 -0.063876785 -0.6153501 -0.9087176
CCI 1.338567 0.1612135 -0.2429786 -1.4435304
LOW -0.06800075 -0.34713793 -0.7760476 -0.8269346
GOOGL 0.0028301494 -0.79576224 -0.8638775 -0.9543401
REGN -3.35566 2.1912436 -0.5309313 0.08591127
EQR 0.98583406 0.54331815 0.7885689 -2.8095267
HD 0.763209 -1.1899248 -0.99210393 -1.0502665
XEC -1.7787492 3.8193002 -1.1478622 1.7904173
COG -1.4832698 3.9356308 -0.7269299 1.205923
HBAN -0.9251965 -1.1471252 -2.4847617 1.2624601
HRL 1.3538878 0.29464784 -0.26409772 -1.3172493
SRE 2.804625 1.0729259 0.2821655 -1.8264211
AAP -0.33840108 0.90061504 -0.53664976 -0.46778065
NOC 1.3371594 -0.80082196 -0.86453605 -1.005637
STZ 0.68356293 -0.39858088 -0.41680577 -1.4460219
MSFT 0.42602155 -0.68519455 -0.95215136 -0.7847161
IP 0.23603654 0.06295544 -1.2809997 0.1602829
PRU 0.0382914 -1.2987963 -2.2580981 0.82180315
KEY -0.64294624 -0.9683737 -2.4392343 1.2945307
RRC -1.9723481 4.640298 -0.6993027 1.4086496
XL 1.1627177 -0.580404 -0.9124894 -0.80537635
PKI 0.4903722 -0.76488507 -0.98436093 -0.7586958
FRT 1.3262266 1.1189626 0.89422625 -2.7040982
UPS 1.3583618 -1.3391417 -1.1700982 -0.8880047
CAT 0.48376805 -0.116682984 -1.3157471 0.1018235
BSX -0.8258472 0.058851548 -0.5613231 -0.9203178
TWX 0.62071615 -0.48270988 -1.086292 -0.44983503
JCI 0.6238131 -0.077272125 -1.0708953 -0.24606526
ABC 0.20806316 -0.05572348 -0.54506963 -1.0249268
DE 1.1592929 -0.3575076 -1.2154679 -0.21944977
REG 0.98860013 1.0887426 0.97119343 -2.8129017
MTD 0.37713143 -0.68486416 -0.9076755 -0.8271828
GPN -0.25034228 0.11788076 -0.6946495 -0.7004231
RSG 1.6609911 -0.80132824 -0.7480192 -1.2250116
NUE -0.8250461 0.6330079 -1.1784871 0.34593928
BXP 0.95642334 0.28055432 0.4737124 -2.4610384
SLG 0.45451048 0.52581483 0.305353 -2.0297916
CMI 0.36659607 -0.079654805 -1.6083474 0.56831264
PFG 0.545019 -1.3349357 -1.9948627 0.4101298
ESRX -0.18396933 0.055110265 -0.70681304 -0.69485354
IBM 1.1218305 -0.96689224 -0.96394265 -0.96389514
LYB -0.76659673 1.0036988 -1.5100276 1.017996
PM 1.8134854 -0.28336737 -0.07452643 -1.9903157
ORLY 0.061590075 0.11518015 -0.729665 -0.63817585
TMO 0.40134075 -1.084622 -1.1578695 -0.7155169
PNR -0.07027278 0.20815653 -1.3902118 0.4201765
PX 1.473016 -0.3069997 -1.0913589 -0.3939882
APD 0.69250005 -0.87857705 -1.1173124 -0.66600895
DISCA -2.0367174 1.6490189 -0.9154269 0.46636644
AON 1.7053655 -1.3835416 -0.8624012 -1.4056057
PKG -0.33515695 0.34784514 -1.0749564 0.054091856
SYK 1.1277943 -0.77679163 -0.5447296 -1.4743851
SBUX 0.335091 -0.3605162 -0.63815945 -1.038232
JBHT -0.3267888 -0.17219166 -1.0098256 -0.38569146
HAL -0.74993664 2.2667644 -1.3276047 1.3197817
VTR 0.41342178 1.5169878 1.0783007 -2.7190096
PSX -0.6739068 0.8767055 -0.98797345 0.19559124
HBI -1.3532149 0.4699928 -0.97275734 -0.050850224
EW -1.0651215 0.54334265 -0.36716548 -0.9419517
CBS -1.1140128 0.7675963 -0.90359014 0.02320724
PGR 1.9602964 -1.0024989 -0.77217644 -1.3271902
TSCO -0.77881277 0.37789708 -1.0762643 0.033775363
UNH 0.58926183 -0.37220624 -0.73403114 -0.93452144
ALGN -1.833906 0.8423748 -0.75218505 -0.16972248
HES -0.87576133 3.4844544 -1.2386074 1.7110089
VMC -1.0289303 1.1029396 -0.8651883 0.10417342
RCL -1.4370284 0.6229594 -0.88258815 -0.10309924
MS -1.0202898 -0.76314694 -2.2102096 1.0925205
AVB 0.9413739 0.68237513 1.0261859 -3.1517198
PCLN -0.9526909 -0.06900343 -0.9693148 -0.34200877
FBHS -1.3933783 0.22744608 -0.95182586 -0.20542191
SPG 0.6818485 0.8432235 0.81909543 -2.7008429
SLB 0.35469705 1.3575538 -1.2456533 0.79683846
DRE 0.9418686 0.44694763 0.68624616 -2.7211926
TEL 0.33134055 -1.1440496 -1.2677827 -0.5360785
NOV -0.9373344 2.6617124 -1.0727668 1.137218
URI -2.637977 1.646578 -1.4759291 1.2564044
MAR -0.2772031 -0.28713125 -0.9272467 -0.5617357
FIS 0.9570606 -1.3081455 -1.1092738 -0.9210163
EMN -0.6382464 0.221377 -1.4117765 0.47300622
ZBH 0.41950557 -0.8255564 -0.94044334 -0.9056732
DG 0.012873655 0.7752173 -0.56343967 -0.5341765
NCLH -2.0827725 0.9532595 -0.83243114 -0.054424807
FTI -0.85032207 2.4440806 -1.2420433 1.3164854
CSX -0.41473448 0.08082547 -1.4050541 0.3756935
MA 0.4742749 -0.71406066 -0.8901414 -0.892974
ISRG -0.9043557 0.0024374523 -0.7591699 -0.6522789
DISH -1.2572176 1.3127238 -0.53845286 -0.27025864
VNO 0.95117885 0.4477548 0.51052386 -2.4426138
WAT 0.20009659 -1.1158881 -1.0494796 -0.8906893
NBL -1.0569712 3.3023226 -1.3201023 1.788954
VLO -1.8638061 1.8246018 -0.6995631 0.24025825
COO -0.48187673 0.12986264 -0.51106846 -0.9535053
PSA 0.98102796 0.4793495 0.6184185 -2.6154335
MRO -1.537933 4.173387 -1.3738902 2.0610158
PRGO -1.3980513 1.1932056 -0.44712573 -0.47057924
CMG -1.4194921 1.1079509 -0.640641 -0.22716218
AYI -1.3538418 0.5876675 -0.9853314 0.010195141
FAST -0.33092046 -0.071876846 -1.061715 -0.2427869
ECL 1.170005 -0.78840184 -0.9591518 -0.86741316
CB 2.3537004 -1.495708 -1.3475922 -0.7567437
HII -0.38041517 0.00753101 -0.9814788 -0.32586122
CELG -2.1783173 1.2371984 -0.39002985 -0.5516089
STI 0.07756189 -1.2827824 -2.3784258 0.992683
APH 1.1728146 -0.9732358 -0.94340163 -0.99848485
ITW 1.7014048 -1.6609294 -1.4152621 -0.71700287
CBG -0.59132814 0.57176757 -0.7254609 -0.3760344
TXT -0.9317145 -0.312869 -1.5524592 0.37987536
AMGN -0.8059298 -0.04178961 -0.8524992 -0.5478282
MHK -0.7465848 -0.25420058 -0.89715093 -0.56479
HRB -1.2113293 0.83116245 -0.724426 -0.22857642
XLNX -0.36882693 -0.43023416 -1.0202835 -0.49603283
UNM -0.011375923 -1.5137558 -1.9838374 0.2954724
ALK -2.4872105 1.2549624 -0.5641827 -0.2655796
ALB -0.46303278 0.7345937 -1.0295532 0.16733138
CDNS -1.0230179 -0.6142052 -1.0513492 -0.55921036
GILD -1.5371114 0.68985856 -0.607748 -0.4997781
HST -0.29726946 0.5142696 -0.68543875 -0.47329012
CTXS -1.3091886 -0.063649915 -0.9404498 -0.4143346
AZO 0.07955298 0.31127506 -0.5780086 -0.76508987
JWN -0.7591913 1.1449403 -0.7604838 -0.03251713
AMAT -1.3058085 -0.030236242 -1.1644303 -0.03374247
FLS -0.59612477 0.91945624 -1.5663284 1.045122
CERN -0.66943383 -0.1001794 -0.6133488 -0.9212862
CPB 1.7617874 0.50598025 -0.090771265 -1.4629437
HOLX -0.83704746 0.054704957 -0.60549074 -0.85149455
KIM 0.82488364 1.3555247 0.7470189 -2.2866066
OMC 0.92371637 -0.63989496 -0.79432833 -1.0243305
SYMC -0.5437516 0.6491948 -0.68117607 -0.40468225
WDC -2.0651178 1.4302845 -1.1153109 0.61452997
AET -0.49502245 0.05786221 -0.7932985 -0.5936533
DVN -1.2146931 3.579452 -1.2434113 1.6924963
UHS -0.6884547 0.82250106 -0.7103557 -0.24793367
UAL -3.5145962 1.5264999 -0.6773991 0.009232307
ATVI -1.2954963 0.29676807 -0.71187097 -0.5608837
CNC -2.1163788 1.1839851 -0.57143587 -0.2741397
AMT 1.0204574 0.20557067 -0.011642419 -1.7499309
CHD 2.0416281 -0.46885663 -0.04474334 -2.1613605
INCY -4.2961607 2.8645566 -0.2752836 -0.036442056
STX -2.0864203 1.115817 -1.3234113 0.7525743
MAT -0.55453956 1.7430873 -0.593411 0.0443117
EA -1.5730103 0.599104 -0.53941035 -0.6647144
FLIR -0.39019454 -0.026363228 -1.0836111 -0.16751687
BWA -1.1759408 0.66722983 -1.2346749 0.4173315
TXN -0.13530155 -0.63817054 -1.2749062 -0.24419332
LKQ -0.38231 0.11144896 -1.0017613 -0.22299871
ADBE -0.37957874 -0.31987312 -0.9022547 -0.6207317
ADI -0.75153345 -0.6541289 -1.4376259 -0.011262319
EQIX -0.2759835 0.8988582 0.017514523 -1.3316711
ZTS -0.6339706 0.35635313 -0.4461945 -0.9470556
MPC -2.305648 2.551491 -0.71411073 0.5957255
EOG -0.54884446 3.0537026 -1.3103602 1.7178556
WYNN -2.2537565 2.0875597 -0.5479482 0.08614724
IR 0.17693599 -0.5603718 -1.3471872 -0.05845692
YUM 0.45507836 -0.31373945 -0.76177204 -0.84702355
HAS 0.08844125 0.05306289 -0.59413046 -0.87908846
CXO -1.2807186 3.4996195 -1.4125305 2.0357497
SNA 0.92991316 -0.89206076 -1.0478623 -0.7675086
ANDV -2.6517246 2.4936414 -0.75589633 0.6235977
PXD -1.1925168 3.619579 -1.0518831 1.5946819
MGM -2.3281982 1.3408618 -0.83228713 0.20174067
DLTR -0.40033424 0.64328 -0.4986336 -0.7175876
AIV 0.9837112 0.9031211 0.82062984 -2.671396
ORCL 0.9415161 -0.9768577 -0.8478913 -1.1404157
BMY -0.28418964 -0.070126005 -0.54730076 -1.0359997
ICE 0.23581894 -0.37756187 -0.8827905 -0.697889
ES 3.5743456 2.0359354 0.78606015 -2.1796298
O 0.9227387 1.3880993 1.0482144 -2.7784204
DHR 1.2233549 -1.0242661 -1.0475574 -0.85573834
IQV -0.770219 0.6435799 -0.44920585 -0.753412
COTY -1.1992993 1.9665709 -0.13430303 -0.5292087
FOX -0.59931433 0.70877665 -0.82149523 -0.14524913
FOXA -0.70925146 0.1662315 -0.84909624 -0.41470098
NWS -0.9992659 0.9153697 -0.91371804 0.081131265
NWSA -1.2475052 0.4834831 -1.1908814 0.29731864
ALLE -0.14717102 -0.33349398 -0.80497104 -0.757929
GOOG -0.24299046 -1.1402369 -0.9551596 -1.021988
NAVI -1.7682918 1.2312865 -1.3319952 0.8305632
INFO 0.03651065 0.3517603 -0.4871036 -0.87453485
SYF -0.97555524 -0.18137407 -1.2617313 -0.0015499095
CFG -1.400479 -0.6850093 -2.1701214 1.0596979
QRVO -2.6007316 1.6308087 -0.8336301 0.2705158
WRK -1.1845139 1.5958127 -0.94995457 0.52304184
PYPL -0.9899041 0.57889396 -0.57153517 -0.5980816
KHC 1.0077344 -0.118379004 -0.549009 -1.1035166
HPE -1.9358832 1.4464185 -0.55558527 -0.16342445
HPQ -0.6962416 0.6696635 -1.1358175 0.29728997
CSRA -0.91154546 1.0945245 -0.46629742 -0.51104975
WLTW 0.92143667 -0.4257454 -0.7810626 -0.88332933
UA -2.2530305 2.0728848 -0.78040737 0.4120458
FTV 0.19458516 0.115849055 -0.8665776 -0.3816882
EVHC -1.6384827 1.4461331 -0.63025194 -0.089000486
HLT 0.3025926 0.0014453458 -0.8510018 -0.5139093
DXC 0.057925776 0.31772777 -0.6175766 -0.653591
BHGE -1.1158222 1.5842803 -0.89046216 0.29897267
BHF -0.624028 0.71909416 -0.90465254 -0.032907095
DWDP -0.051698353 0.3635141 -0.85713726 -0.3418677
APTV -0.2460704 0.43191084 -0.8643705 -0.34102848
